# Format: McCode with text headers
# URL: http://www.mccode.org
# Creator:  3.7.18, git
# Instrument: SimplePowderDIffractometer_generated.instr
# Ncount: 1000000
# Trace: no
# Gravitation: no
# Seed: 1790081886532845
# Directory: /home/0000-0002-6409-0469/testing/SimplePowderDiffractometer_copy/interface_SimplePowderDIffractometer_generated
# Param: lambda0=1
# Param: dlambda=0.005
# Param: coll=120
# Param: container=0
# Param: sample=0
# Date: Tue Sep 22 14:58:07 2026 (1790081887)
# type: array_1d(400)
# Source: SimplePowderDIffractometer_generated (SimplePowderDIffractometer_generated.instr)
# component: Detector
# position: 0 0 3
# title: Longitude [deg] monitor
# Ncount: 1000000
# filename: detector.dat
# statistics: X0=52.8112; dX=21.9593;
# signal: Min=0; Max=215.18; Mean=20.2634;
# values: 8105.37 27.5709 170072
# xvar: th
# yvar: (I,I_err)
# xlabel: Longitude [deg]
# ylabel: Intensity [n/s/bin]
# xlimits: 20 100
# variables: th I I_err N
20.1 0 0 5 
20.3 0 0 3 
20.5 0 0 8 
20.7 0 0 5 
20.9 0 0 3 
21.1 0 0 3 
21.3 0 0 5 
21.5 0 0 6 
21.7 0 0 1 
21.9 0 0 2 
22.1 0 0 6 
22.3 0 0 5 
22.5 0 0 5 
22.7 0 0 7 
22.9 0 0 4 
23.1 0 0 2 
23.3 0 0 2 
23.5 0 0 3 
23.7 0 0 4 
23.9 0 0 4 
24.1 0 0 3 
24.3 0 0 3 
24.5 0 0 4 
24.7 0 0 5 
24.9 0 0 7 
25.1 0 0 7 
25.3 0 0 7 
25.5 0 0 3 
25.7 0 0 4 
25.9 0.01437494401 0.01659875559 3 
26.1 0.05622728379 0.02222326055 17 
26.3 0.8526105152 0.1254355812 60 
26.5 4.660932783 0.3963038641 178 
26.7 14.1108727 0.8061201046 372 
26.9 31.9715262 1.433194963 573 
27.1 48.62567819 2.014696635 652 
27.3 74.16653827 2.792592178 772 
27.5 101.926933 3.6017456 873 
27.7 122.9072583 4.29987645 876 
27.9 160.7020618 5.262580161 1004 
28.1 179.9090722 5.930588794 979 
28.3 204.2557991 6.610761149 1017 
28.5 215.1802739 6.900335869 1034 
28.7 192.4532639 6.315782067 1000 
28.9 171.0864322 5.666145356 985 
29.1 144.6397505 4.904666409 946 
29.3 117.3752087 4.09729468 904 
29.5 95.7934794 3.412277834 873 
29.7 64.76754322 2.516835121 749 
29.9 44.52106334 1.875842445 649 
30.1 25.87348658 1.22574629 525 
30.3 9.778801892 0.6455326819 290 
30.5 1.817136912 0.2180203595 92 
30.7 0.3955948833 0.08705872661 33 
30.9 0.9690852089 0.1276260482 84 
31.1 4.247971946 0.3062927092 237 
31.3 10.64468028 0.5636774094 428 
31.5 20.38291769 0.9003804342 593 
31.7 31.0934636 1.253429297 693 
31.9 45.48612518 1.6780817 803 
32.1 58.03483517 2.065033828 861 
32.3 78.61253313 2.609230069 979 
32.5 85.70127191 2.897458971 941 
32.7 103.5561522 3.368221691 1018 
32.9 107.8322756 3.534966676 1000 
33.1 105.2940055 3.493570067 971 
33.3 97.21537495 3.271014688 955 
33.5 87.34147531 2.923599478 967 
33.7 72.17226742 2.493009159 920 
33.9 57.49373037 2.057429029 876 
34.1 47.96690441 1.723096693 870 
34.3 30.83137252 1.241736894 706 
34.5 19.03983779 0.8648481086 573 
34.7 9.395524384 0.5243059001 388 
34.9 3.20997465 0.2676736224 188 
35.1 0.5869346834 0.09955942717 46 
35.3 0.01702177253 0.0111822057 12 
35.5 0 0 1 
35.7 0 0 7 
35.9 0 0 3 
36.1 0 0 1 
36.3 0 0 2 
36.5 0 0 6 
36.7 0 0 5 
36.9 0 0 0 
37.1 0 0 4 
37.3 0 0 3 
37.5 0 0 3 
37.7 0 0 4 
37.9 0 0 7 
38.1 0 0 4 
38.3 0 0 3 
38.5 0 0 2 
38.7 0 0 2 
38.9 0 0 4 
39.1 0 0 3 
39.3 0 0 2 
39.5 0 0 1 
39.7 0 0 3 
39.9 0 0 3 
40.1 0 0 3 
40.3 0 0 3 
40.5 0 0 3 
40.7 0 0 5 
40.9 0 0 6 
41.1 0 0 1 
41.3 0 0 2 
41.5 0 0 5 
41.7 0 0 2 
41.9 0 0 12 
42.1 0 0 7 
42.3 0 0 2 
42.5 0 0 4 
42.7 0 0 7 
42.9 0 0 1 
43.1 0 0 4 
43.3 0 0 1 
43.5 0 0 4 
43.7 0 0 7 
43.9 0 0 4 
44.1 0 0 5 
44.3 0 0 4 
44.5 0 0 2 
44.7 0.0533915881 0.02431188235 11 
44.9 0.125873477 0.04179144486 14 
45.1 0.5599881355 0.09674933784 52 
45.3 2.177710025 0.2141861443 140 
45.5 6.055651494 0.3967982672 308 
45.7 12.70463469 0.6566973817 469 
45.9 23.33753323 0.9784417692 691 
46.1 31.5553113 1.272755282 717 
46.3 43.90725026 1.62415944 837 
46.5 59.07329472 2.039408606 945 
46.7 70.61827537 2.402024326 956 
46.9 84.1833572 2.776291012 1002 
47.1 92.19349453 3.027168107 1000 
47.3 95.77505394 3.149123528 999 
47.5 91.90009918 3.038909013 994 
47.7 87.35913182 2.896397626 1017 
47.9 74.26943062 2.532588945 965 
48.1 63.10005273 2.208884185 929 
48.3 47.42475332 1.758729152 848 
48.5 39.62776656 1.498492501 824 
48.7 26.88235443 1.120721791 701 
48.9 16.20150309 0.7953144735 535 
49.1 8.01283673 0.5011418524 333 
49.3 3.38262731 0.2999792654 176 
49.5 0.9234434298 0.140816313 56 
49.7 0.1661263917 0.06695365832 15 
49.9 0.03183149422 0.02204775024 8 
50.1 0 0 4 
50.3 0 0 5 
50.5 0 0 3 
50.7 0 0 8 
50.9 0 0 1 
51.1 0 0 2 
51.3 0 0 5 
51.5 0 0 6 
51.7 0 0 8 
51.9 0 0 0 
52.1 0 0 2 
52.3 0 0 2 
52.5 0 0 5 
52.7 0 0 4 
52.9 0 0 3 
53.1 0 0 6 
53.3 0.007012046848 0.007573876231 6 
53.5 0.1056154854 0.0531678663 12 
53.7 0.1917924573 0.06377342157 19 
53.9 1.171728358 0.1967143998 59 
54.1 3.480373599 0.3395024628 144 
54.3 9.223842353 0.6156799812 295 
54.5 17.09883431 0.9043079982 460 
54.7 26.52683078 1.23999971 563 
54.9 42.12947046 1.724404163 726 
55.1 56.98092309 2.187380314 788 
55.3 76.45488545 2.681083014 920 
55.5 83.12853876 3.002229731 861 
55.7 102.9321038 3.546822921 944 
55.9 118.0822779 3.925648321 999 
56.1 131.1369108 4.255136657 1034 
56.3 123.4965214 4.109850528 1005 
56.5 114.4322545 3.884524903 1001 
56.7 105.1693544 3.569915691 1074 
56.9 83.31585995 2.943895515 1090 
57.1 73.54913262 2.589387088 1193 
57.3 61.5913187 2.155930108 1290 
57.5 46.55822586 1.62331807 1342 
57.7 35.04036427 1.252546476 1207 
57.9 31.37413073 1.030237869 1205 
58.1 30.50875589 0.9873490232 1134 
58.3 30.9021404 1.015512551 1050 
58.5 33.6664433 1.109589258 1023 
58.7 35.71999721 1.180207138 1022 
58.9 35.67526208 1.18478494 992 
59.1 35.9573464 1.183304129 1027 
59.3 31.38142696 1.074562813 963 
59.5 27.29140831 0.9645989959 922 
59.7 23.25727606 0.8253409536 933 
59.9 18.78807054 0.7099309349 836 
60.1 14.61232461 0.5831510944 779 
60.3 9.89847364 0.4378663315 645 
60.5 5.786328694 0.3146576221 463 
60.7 3.345839223 0.2237773709 316 
60.9 1.39896448 0.12608159 180 
61.1 0.5523263699 0.07279429934 82 
61.3 0.2446447606 0.05237268156 38 
61.5 0.04440133607 0.01700535484 14 
61.7 0.009655774497 0.01114952801 3 
61.9 0 0 2 
62.1 0 0 5 
62.3 0 0 2 
62.5 0 0 7 
62.7 0 0 2 
62.9 0 0 3 
63.1 0 0 1 
63.3 0 0 5 
63.5 0 0 1 
63.7 0 0 5 
63.9 0 0 5 
64.1 0 0 5 
64.3 0 0 6 
64.5 0 0 2 
64.7 0 0 3 
64.9 0 0 12 
65.1 0 0 2 
65.3 0 0 6 
65.5 0 0 4 
65.7 0 0 5 
65.9 0 0 5 
66.1 0 0 7 
66.3 0.005913641467 0.005152370042 7 
66.5 0.05166577297 0.01775850058 16 
66.7 0.1161985187 0.02226962687 41 
66.9 0.2498940312 0.03388206737 83 
67.1 0.7409491053 0.06829758027 165 
67.3 1.55227239 0.1061755863 294 
67.5 2.862395946 0.1575983153 446 
67.7 4.430296397 0.2104640954 565 
67.9 6.581945428 0.2768974433 719 
68.1 9.229587631 0.3547719247 817 
68.3 11.10749314 0.413903822 848 
68.5 13.53675059 0.4739014973 939 
68.7 16.31702682 0.5518184633 988 
68.9 18.43854628 0.6039373958 1047 
69.1 18.1669327 0.6054599709 1015 
69.3 18.9262646 0.6300337663 1008 
69.5 17.45162505 0.5916936981 985 
69.7 15.93867124 0.5497833203 974 
69.9 13.40553035 0.4855243203 906 
70.1 11.2921792 0.4256298838 874 
70.3 8.906903154 0.3544234324 790 
70.5 5.764716612 0.2662135851 615 
70.7 3.716235964 0.1956537984 484 
70.9 2.57348058 0.1569549537 380 
71.1 1.506154532 0.108924035 266 
71.3 0.6578582563 0.0649961404 140 
71.5 0.2506765736 0.03794969501 67 
71.7 0.07319148801 0.01718750538 27 
71.9 0.03167723914 0.01063074647 18 
72.1 0.01186388391 0.008701211614 6 
72.3 0 0 5 
72.5 0 0 5 
72.7 0 0 5 
72.9 0 0 4 
73.1 0 0 5 
73.3 0.02708437284 0.01617399453 12 
73.5 0.05905460096 0.02520491008 15 
73.7 0.3048685666 0.07363782763 28 
73.9 0.4955207253 0.08896142802 51 
74.1 1.064508326 0.134210589 87 
74.3 2.156442354 0.2089821503 158 
74.5 4.559697382 0.326561811 265 
74.7 8.046189058 0.4837293913 393 
74.9 13.66079643 0.6670032951 552 
75.1 18.46759934 0.8323994108 631 
75.3 26.06171948 1.038920538 778 
75.5 33.53496341 1.248637607 877 
75.7 38.93211919 1.414763966 896 
75.9 49.16293003 1.66873657 1008 
76.1 52.71278804 1.767511573 1022 
76.3 54.65567066 1.816254764 1060 
76.5 59.76665717 1.912742018 1155 
76.7 54.96386713 1.809480973 1159 
76.9 50.66672011 1.664705481 1197 
77.1 51.18262151 1.595966574 1351 
77.3 50.10911428 1.500510995 1473 
77.5 47.69997055 1.411912878 1469 
77.7 42.93875351 1.323507155 1344 
77.9 48.51022086 1.442746533 1445 
78.1 49.39390772 1.544738023 1304 
78.3 51.08116614 1.623211074 1232 
78.5 52.2217731 1.718059323 1135 
78.7 52.08912574 1.753541777 1044 
78.9 50.46559343 1.737533276 976 
79.1 46.51616693 1.643722529 929 
79.3 44.09720969 1.562961663 934 
79.5 39.79925745 1.451870533 919 
79.7 31.15318704 1.241231174 803 
79.9 23.96026548 1.016740762 725 
80.1 17.9482807 0.8339282706 617 
80.3 14.10605045 0.7092679095 528 
80.5 9.193795354 0.5427597499 405 
80.7 5.28020713 0.3822382416 283 
80.9 2.704164537 0.250666173 168 
81.1 1.474265618 0.179617302 101 
81.3 0.6012037866 0.1059558809 48 
81.5 0.2578662254 0.06102215679 25 
81.7 0.06543288728 0.03007509199 10 
81.9 0.02698998322 0.02075428394 3 
82.1 0.01090374592 0.0119444552 5 
82.3 0 0 6 
82.5 0 0 5 
82.7 0 0 1 
82.9 0 0 3 
83.1 0 0 5 
83.3 0 0 4 
83.5 0 0 4 
83.7 0 0 5 
83.9 0 0 2 
84.1 0 0 5 
84.3 0 0 2 
84.5 0 0 1 
84.7 0.02136159885 0.01520438291 6 
84.9 0.04600464283 0.02057792182 14 
85.1 0.08338912103 0.02902208355 20 
85.3 0.2600365364 0.06035157747 31 
85.5 0.5339971191 0.0846527967 64 
85.7 0.8934919296 0.1229874459 87 
85.9 2.17707487 0.1936923337 179 
86.1 4.237744939 0.2868977259 299 
86.3 6.494019196 0.3866230274 390 
86.5 10.01878878 0.4967380149 543 
86.7 13.03904723 0.6037684451 616 
86.9 15.75367848 0.6835610696 683 
87.1 21.29468515 0.8304317671 818 
87.3 24.95619397 0.9384676657 863 
87.5 28.80869911 1.044788615 900 
87.7 32.97087441 1.15184896 953 
87.9 37.3602614 1.259645421 1012 
88.1 37.67775941 1.262176333 1036 
88.3 34.1069091 1.189481302 949 
88.5 32.07465413 1.152310404 934 
88.7 29.84018237 1.082550239 931 
88.9 24.684673 0.9584582478 835 
89.1 21.8607684 0.8803095215 793 
89.3 16.2882509 0.7169306271 690 
89.5 12.26141737 0.6072169474 564 
89.7 8.299811831 0.4661375571 434 
89.9 6.08215491 0.3813996607 365 
90.1 3.661504128 0.2902695803 247 
90.3 2.163224855 0.2051657995 161 
90.5 0.9825035027 0.1376819665 77 
90.7 0.5580028708 0.09323026554 48 
90.9 0.1440582611 0.04290557086 19 
91.1 0.1052659162 0.03642606393 20 
91.3 0.07669072536 0.02927598798 11 
91.5 0.03661223822 0.01767822404 11 
91.7 0.07091575268 0.02365762223 17 
91.9 0.117095957 0.02589355032 32 
92.1 0.3253490357 0.05243375487 70 
92.3 0.7126090149 0.09351795032 111 
92.5 1.44175922 0.1417708546 202 
92.7 2.381256995 0.1876667885 300 
92.9 4.304756496 0.2642311315 489 
93.1 6.06847939 0.3168133801 631 
93.3 9.33942532 0.4150605284 880 
93.5 12.46465752 0.5013636802 1050 
93.7 15.96557976 0.5792707577 1259 
93.9 22.25430672 0.7309500578 1477 
94.1 26.20016805 0.8091529044 1653 
94.3 31.29687967 0.9242656385 1708 
94.5 36.35070032 1.028164129 1854 
94.7 38.64170714 1.069924648 1903 
94.9 41.04306233 1.109562753 1988 
95.1 38.35213398 1.061996408 1874 
95.3 38.70413428 1.086534852 1864 
95.5 36.68597094 1.046062479 1845 
95.7 32.61372688 0.9637511451 1760 
95.9 26.87464388 0.8467180788 1610 
96.1 21.87025547 0.7345201255 1458 
96.3 18.06396822 0.6533905609 1290 
96.5 13.35899487 0.5552213672 1049 
96.7 9.207525825 0.4312071162 838 
96.9 6.140348795 0.3377078931 623 
97.1 4.424260841 0.2821311456 454 
97.3 2.386472541 0.1793525361 297 
97.5 1.514136256 0.1478997785 200 
97.7 0.8166637518 0.1100569578 106 
97.9 0.4062386772 0.072929378 66 
98.1 0.1331025714 0.0361901842 26 
98.3 0.05007074388 0.01853088378 15 
98.5 0.03635910351 0.02086560722 7 
98.7 0.01447038162 0.01670895744 3 
98.9 0 0 6 
99.1 0.01377773715 0.01237983278 5 
99.3 0 0 4 
99.5 0 0 1 
99.7 0 0 5 
99.9 0 0 4 
