# Format: McCode with text headers
# URL: http://www.mccode.org
# Creator:  3.7.18, git
# Instrument: SimplePowderDiffractometer_generated.instr
# Ncount: 1000000
# Trace: no
# Gravitation: no
# Seed: 1790252253473048
# Directory: /home/0000-0002-6409-0469/testing/SimplePowderDiffractometer_copy/SimplePowderDiffractometer_generated
# Param: lambda0=1
# Param: dlambda=0.005
# Param: coll=120
# Param: container=0
# Param: sample=0
# Date: Thu Sep 24 14:17:34 2026 (1790252254)
# type: array_1d(400)
# Source: SimplePowderDiffractometer_generated (SimplePowderDiffractometer_generated.instr)
# component: Detector
# position: 0 0 3
# title: Longitude [deg] monitor
# Ncount: 1000000
# filename: detector.dat
# statistics: X0=52.7411; dX=21.9488;
# signal: Min=0; Max=210.893; Mean=20.3266;
# values: 8130.63 27.6515 170048
# xvar: th
# yvar: (I,I_err)
# xlabel: Longitude [deg]
# ylabel: Intensity [n/s/bin]
# xlimits: 20 100
# variables: th I I_err N
20.1 0 0 4 
20.3 0 0 1 
20.5 0 0 5 
20.7 0 0 5 
20.9 0 0 2 
21.1 0 0 8 
21.3 0 0 7 
21.5 0 0 1 
21.7 0 0 5 
21.9 0 0 2 
22.1 0 0 3 
22.3 0 0 3 
22.5 0 0 8 
22.7 0 0 3 
22.9 0 0 3 
23.1 0 0 3 
23.3 0 0 5 
23.5 0 0 8 
23.7 0 0 2 
23.9 0 0 8 
24.1 0 0 4 
24.3 0 0 0 
24.5 0 0 2 
24.7 0 0 6 
24.9 0 0 6 
25.1 0 0 7 
25.3 0 0 4 
25.5 0 0 4 
25.7 0 0 6 
25.9 0 0 5 
26.1 0.05650925133 0.0228553706 18 
26.3 0.8467502102 0.1387849935 55 
26.5 4.241071597 0.3937973753 143 
26.7 13.88269226 0.8119544655 349 
26.9 32.11495504 1.425206694 581 
27.1 54.7933569 2.132911036 747 
27.3 72.66077796 2.740648709 772 
27.5 104.3276587 3.65631048 879 
27.7 119.3391538 4.186895803 890 
27.9 150.849717 5.077742734 949 
28.1 188.0930061 6.049657835 1033 
28.3 210.8933605 6.70162512 1059 
28.5 209.548921 6.773333069 1027 
28.7 195.0614565 6.387407437 1007 
28.9 178.0294742 5.800755497 1023 
29.1 145.3374696 4.943419128 937 
29.3 119.6790563 4.152741891 917 
29.5 89.07929537 3.264490989 827 
29.7 68.69461473 2.614234171 767 
29.9 39.53638405 1.727327469 608 
30.1 23.4972236 1.173782636 475 
30.3 9.192202545 0.6278063584 267 
30.5 2.480100477 0.2770766226 109 
30.7 0.2742014859 0.06096043515 37 
30.9 1.005569909 0.1334420302 84 
31.1 4.589934033 0.3193105058 261 
31.3 10.52043855 0.5587660641 423 
31.5 20.87412787 0.9112567589 609 
31.7 34.11776414 1.31142339 758 
31.9 49.59055917 1.748926477 882 
32.1 58.5572437 2.06318963 873 
32.3 77.00907505 2.575407126 972 
32.5 92.64874804 3.01089705 1021 
32.7 108.1406281 3.451212725 1049 
32.9 106.6357673 3.545946076 971 
33.1 109.4270101 3.557032915 1024 
33.3 99.64823243 3.297242956 988 
33.5 85.34408642 2.878083406 968 
33.7 72.969898 2.501714021 940 
33.9 59.05143725 2.079685295 894 
34.1 43.16927355 1.625032655 795 
34.3 30.17543178 1.230908491 689 
34.5 19.46730152 0.8776747861 580 
34.7 9.591652416 0.5400900887 391 
34.9 3.225909713 0.2631273042 187 
35.1 0.6794345698 0.1039847285 59 
35.3 0.08455810675 0.0341749286 11 
35.5 0.0007509144653 0.0007915333461 9 
35.7 0 0 5 
35.9 0 0 4 
36.1 0 0 4 
36.3 0 0 4 
36.5 0 0 1 
36.7 0 0 3 
36.9 0 0 5 
37.1 0 0 2 
37.3 0 0 2 
37.5 0 0 5 
37.7 0 0 5 
37.9 0 0 3 
38.1 0 0 7 
38.3 0 0 6 
38.5 0 0 3 
38.7 0 0 7 
38.9 0 0 7 
39.1 0 0 5 
39.3 0 0 3 
39.5 0 0 4 
39.7 0 0 4 
39.9 0 0 5 
40.1 0 0 6 
40.3 0 0 1 
40.5 0 0 7 
40.7 0 0 5 
40.9 0 0 3 
41.1 0 0 0 
41.3 0 0 6 
41.5 0 0 5 
41.7 0 0 3 
41.9 0 0 5 
42.1 0 0 5 
42.3 0 0 3 
42.5 0 0 4 
42.7 0 0 5 
42.9 0 0 4 
43.1 0 0 4 
43.3 0 0 1 
43.5 0 0 3 
43.7 0 0 6 
43.9 0 0 3 
44.1 0 0 10 
44.3 0 0 8 
44.5 0 0 4 
44.7 0.01857079104 0.01195862916 6 
44.9 0.08847511005 0.02993466963 19 
45.1 0.6595521118 0.103897179 58 
45.3 2.587463586 0.2454993486 162 
45.5 6.840515686 0.4356194465 317 
45.7 12.47919564 0.6430986857 473 
45.9 20.74277505 0.9242948075 611 
46.1 34.56455465 1.321919994 791 
46.3 44.19689024 1.627772271 834 
46.5 54.66971462 1.966618196 865 
46.7 70.16381671 2.397226248 942 
46.9 82.39736468 2.748092579 978 
47.1 89.46478055 2.977346243 974 
47.3 96.13918642 3.154275849 1008 
47.5 97.41847395 3.158391484 1040 
47.7 89.23848692 2.93631458 1019 
47.9 70.60960004 2.472194659 914 
48.1 61.44396557 2.171803607 911 
48.3 46.15717092 1.754624771 804 
48.5 34.93513738 1.408280575 734 
48.7 26.12317432 1.110671473 674 
48.9 14.90688162 0.7536509318 496 
49.1 8.763573106 0.5400804491 353 
49.3 3.306154825 0.2893258571 178 
49.5 0.9921886624 0.1407216799 77 
49.7 0.2218196798 0.05819058063 20 
49.9 0.03374416181 0.02167706643 10 
50.1 0 0 2 
50.3 0 0 2 
50.5 0 0 2 
50.7 0 0 4 
50.9 0 0 2 
51.1 0 0 4 
51.3 0 0 5 
51.5 0 0 5 
51.7 0 0 6 
51.9 0 0 7 
52.1 0 0 3 
52.3 0 0 4 
52.5 0 0 1 
52.7 0 0 8 
52.9 0 0 8 
53.1 0 0 5 
53.3 0.01798940816 0.02077237928 3 
53.5 0.1064679151 0.0394646645 10 
53.7 0.1607349517 0.05500415714 16 
53.9 1.093852543 0.1576674415 71 
54.1 3.232889 0.3211817265 141 
54.3 9.042787455 0.6006478707 302 
54.5 18.39166368 0.9545561062 468 
54.7 29.06117806 1.30960232 606 
54.9 43.75794982 1.774613641 731 
55.1 59.07824909 2.220448157 831 
55.3 77.77937353 2.724890271 928 
55.5 87.06590321 3.080553333 901 
55.7 112.5355093 3.704725682 1021 
55.9 119.4329594 3.941711743 1012 
56.1 123.6393483 4.109544587 996 
56.3 125.2860067 4.138313273 1026 
56.5 116.1964891 3.914349734 1017 
56.7 108.5070374 3.611281461 1108 
56.9 85.85877028 3.026934584 1093 
57.1 73.82356899 2.629025587 1181 
57.3 58.44503506 2.094860132 1282 
57.5 44.50201849 1.612178887 1279 
57.7 39.4095305 1.336957912 1342 
57.9 32.16468183 1.064323069 1214 
58.1 30.13439408 0.97286269 1143 
58.3 29.57690352 0.9920283445 1012 
58.5 33.70469643 1.110796262 1034 
58.7 36.7873217 1.194274876 1042 
58.9 33.73815121 1.153078689 951 
59.1 35.33888094 1.176906708 999 
59.3 30.60339253 1.053803119 947 
59.5 27.76498919 0.9762495704 924 
59.7 23.85418743 0.8547280032 907 
59.9 18.52246765 0.7076246384 836 
60.1 13.94956667 0.5645824766 757 
60.3 8.967999973 0.4172264649 591 
60.5 5.839360289 0.3096856 464 
60.7 3.534461948 0.2306999303 328 
60.9 1.939052779 0.1600862891 218 
61.1 0.6526128536 0.08232991334 90 
61.3 0.180181634 0.04287229141 35 
61.5 0.02673423002 0.01485871698 7 
61.7 0.00910415338 0.009833609556 6 
61.9 0 0 1 
62.1 0 0 4 
62.3 0 0 3 
62.5 0 0 3 
62.7 0 0 4 
62.9 0 0 3 
63.1 0 0 3 
63.3 0 0 2 
63.5 0 0 2 
63.7 0 0 4 
63.9 0 0 3 
64.1 0 0 4 
64.3 0 0 2 
64.5 0 0 7 
64.7 0 0 7 
64.9 0 0 3 
65.1 0 0 5 
65.3 0 0 2 
65.5 0 0 5 
65.7 0 0 4 
65.9 0 0 4 
66.1 0 0 3 
66.3 0.02104588327 0.01125017958 10 
66.5 0.03442665546 0.01381463859 12 
66.7 0.1576302822 0.03143734513 41 
66.9 0.3428022969 0.04569897713 90 
67.1 0.8641284201 0.07625038241 186 
67.3 1.762337801 0.1134701338 324 
67.5 2.861208133 0.1562658297 428 
67.7 4.510571112 0.2109442705 584 
67.9 6.732756587 0.2801005548 733 
68.1 8.933870052 0.3425032247 828 
68.3 11.24623048 0.4108990984 880 
68.5 14.34156928 0.4913249255 981 
68.7 16.4938978 0.5521292059 1016 
68.9 17.29785631 0.5817865856 989 
69.1 18.57802158 0.6146608467 1011 
69.3 17.31105122 0.5974880675 939 
69.5 18.43057814 0.6068094772 1045 
69.7 15.81222839 0.5465824263 972 
69.9 13.11781101 0.4734616504 919 
70.1 11.2597665 0.4186946449 893 
70.3 7.729617544 0.3243028206 716 
70.5 5.907407292 0.2666436625 644 
70.7 4.175112139 0.2088148989 528 
70.9 2.541422926 0.1534664854 377 
71.1 1.421177603 0.1048723345 263 
71.3 0.7028425437 0.06943886427 143 
71.5 0.3110541181 0.04307906429 76 
71.7 0.1665172951 0.03157712948 44 
71.9 0.02741857034 0.01304748388 9 
72.1 0.001739153024 0.001844650345 8 
72.3 0.001371894739 0.001533824947 4 
72.5 0 0 2 
72.7 0 0 4 
72.9 0 0 1 
73.1 0 0 2 
73.3 0.03607409974 0.02456904338 10 
73.5 0.07446287248 0.03057651914 13 
73.7 0.130259941 0.04071987579 19 
73.9 0.4999515385 0.09339051132 43 
74.1 1.27297538 0.1616622083 90 
74.3 2.356853906 0.2184522437 167 
74.5 5.296542268 0.3613184252 300 
74.7 8.769626215 0.4933056199 416 
74.9 13.35908014 0.6598261619 524 
75.1 17.86143275 0.7979558833 646 
75.3 25.14569127 1.026568323 755 
75.5 32.00118048 1.213162873 853 
75.7 37.35666061 1.382723339 873 
75.9 48.43121192 1.655679056 999 
76.1 46.90155158 1.659230548 935 
76.3 55.42699963 1.855924149 1049 
76.5 55.62771424 1.850629338 1082 
76.7 52.48026414 1.762270013 1113 
76.9 53.76064752 1.741491308 1231 
77.1 51.39352062 1.604023064 1353 
77.3 50.59992685 1.539798072 1430 
77.5 47.86902543 1.422181082 1466 
77.7 45.35071999 1.37415511 1401 
77.9 47.64704351 1.435754883 1408 
78.1 48.85407948 1.538718702 1294 
78.3 49.18203571 1.607088304 1171 
78.5 51.25776987 1.696161687 1102 
78.7 55.01104721 1.798556155 1103 
78.9 51.35388308 1.745170063 1018 
79.1 45.78056284 1.623954432 930 
79.3 44.42228801 1.571539816 941 
79.5 36.43363025 1.373795366 851 
79.7 31.14886495 1.224577254 813 
79.9 26.68318052 1.090766183 752 
80.1 20.18755584 0.889901808 684 
80.3 14.42855155 0.7182991925 545 
80.5 8.970235358 0.5305441659 409 
80.7 6.119870354 0.4073642924 317 
80.9 2.648447833 0.2507381402 162 
81.1 1.329298282 0.1664619063 92 
81.3 0.6326800012 0.1046072259 60 
81.5 0.27279691 0.06103605096 35 
81.7 0.1215432406 0.04850554824 17 
81.9 0.02445296928 0.02733925078 4 
82.1 0.004567541771 0.005003491321 5 
82.3 0 0 1 
82.5 0 0 1 
82.7 0 0 4 
82.9 0 0 8 
83.1 0 0 1 
83.3 0 0 3 
83.5 0 0 7 
83.7 0 0 2 
83.9 0 0 3 
84.1 0 0 5 
84.3 0.005104123608 0.005513083599 6 
84.5 0.00388995538 0.004764202902 2 
84.7 0.01537133597 0.009722469402 11 
84.9 0.01741886628 0.01307532336 4 
85.1 0.07636706129 0.02271998382 18 
85.3 0.1469255222 0.04107581738 26 
85.5 0.5174743033 0.08835645171 51 
85.7 1.120544034 0.1424247921 84 
85.9 2.388236311 0.2100352735 193 
86.1 3.853397261 0.2801313387 278 
86.3 6.424521849 0.3824366308 380 
86.5 9.281952398 0.4864216215 508 
86.7 13.29350184 0.6078141296 640 
86.9 16.72617256 0.7194672345 690 
87.1 21.90282752 0.856381368 805 
87.3 24.02797272 0.9313445537 822 
87.5 28.75019718 1.043700589 894 
87.7 35.00459089 1.192732626 1004 
87.9 34.98944758 1.205511262 965 
88.1 35.81347113 1.237967819 951 
88.3 35.48820648 1.227642499 967 
88.5 33.74411836 1.172466301 978 
88.7 28.87437856 1.062858343 904 
88.9 25.86551635 0.991784378 854 
89.1 21.22568675 0.8590246639 793 
89.3 17.35419802 0.7612246201 687 
89.5 10.9292398 0.5588662082 533 
89.7 9.569636241 0.5091385122 499 
89.9 6.47990011 0.4081861913 369 
90.1 3.79274678 0.2986231376 244 
90.3 1.784256641 0.180366322 144 
90.5 1.132838775 0.1567287588 92 
90.7 0.4155535865 0.07410665524 46 
90.9 0.278272019 0.07071310143 27 
91.1 0.1162658073 0.04138627978 23 
91.3 0.0541352666 0.02195992987 16 
91.5 0.03191849434 0.01690248314 10 
91.7 0.04816938355 0.01741930863 14 
91.9 0.1441517851 0.03421971974 33 
92.1 0.417030944 0.07611343704 72 
92.3 0.8248177713 0.0985463778 133 
92.5 1.149365113 0.1180728235 167 
92.7 2.502811937 0.1870091534 312 
92.9 3.830576554 0.2471592902 443 
93.1 5.770550644 0.3044223013 609 
93.3 9.622763385 0.4224348439 899 
93.5 13.09224026 0.5134149396 1073 
93.7 15.71020852 0.5716066093 1216 
93.9 20.87303469 0.7070485351 1399 
94.1 26.53175355 0.8294573602 1591 
94.3 32.19081114 0.9485112056 1748 
94.5 36.71522916 1.033548908 1871 
94.7 36.67385372 1.033533347 1845 
94.9 39.7261474 1.097267076 1908 
95.1 39.46553179 1.088177378 1915 
95.3 38.91034861 1.078359643 1932 
95.5 36.18159255 1.040019401 1859 
95.7 32.00127243 0.9543480444 1742 
95.9 27.28978838 0.8548181939 1601 
96.1 22.46808473 0.7595091338 1456 
96.3 17.86043182 0.6612324063 1238 
96.5 13.54593846 0.5516964716 1057 
96.7 9.839935854 0.4474280743 851 
96.9 6.549168912 0.3443058505 638 
97.1 3.743348163 0.2471519891 426 
97.3 2.884567562 0.2311532877 312 
97.5 1.396069236 0.1493957201 174 
97.7 0.8929889685 0.1231758712 106 
97.9 0.5075387437 0.08768444024 69 
98.1 0.1442256091 0.03896076674 28 
98.3 0.06171715274 0.02055903326 16 
98.5 0.02604715634 0.01394257107 9 
98.7 0.01098645006 0.009245123794 7 
98.9 0.005414680066 0.005788536475 7 
99.1 0 0 3 
99.3 0 0 3 
99.5 0 0 2 
99.7 0 0 2 
99.9 0 0 3 
