# Format: McCode with text headers
# URL: http://www.mccode.org
# Creator:  3.7.18, git
# Instrument: SimplePowderDiffractometer_generated.instr
# Ncount: 1000000
# Trace: no
# Gravitation: no
# Seed: 1790252261766229
# Directory: /home/0000-0002-6409-0469/testing/SimplePowderDiffractometer_copy/SimplePowderDiffractometer_generated_0
# Param: lambda0=1
# Param: dlambda=0.005
# Param: coll=120
# Param: container=0
# Param: sample=0
# Date: Thu Sep 24 14:17:42 2026 (1790252262)
# type: array_1d(400)
# Source: SimplePowderDiffractometer_generated (SimplePowderDiffractometer_generated.instr)
# component: Detector
# position: 0 0 3
# title: Longitude [deg] monitor
# Ncount: 1000000
# filename: detector.dat
# statistics: X0=52.7144; dX=21.9664;
# signal: Min=0; Max=213.449; Mean=20.4126;
# values: 8165.03 27.698 170314
# xvar: th
# yvar: (I,I_err)
# xlabel: Longitude [deg]
# ylabel: Intensity [n/s/bin]
# xlimits: 20 100
# variables: th I I_err N
20.1 0 0 4 
20.3 0 0 2 
20.5 0 0 6 
20.7 0 0 4 
20.9 0 0 4 
21.1 0 0 1 
21.3 0 0 3 
21.5 0 0 4 
21.7 0 0 2 
21.9 0 0 6 
22.1 0 0 2 
22.3 0 0 4 
22.5 0 0 4 
22.7 0 0 3 
22.9 0 0 8 
23.1 0 0 4 
23.3 0 0 7 
23.5 0 0 4 
23.7 0 0 2 
23.9 0 0 3 
24.1 0 0 5 
24.3 0 0 6 
24.5 0 0 3 
24.7 0 0 5 
24.9 0 0 6 
25.1 0 0 4 
25.3 0 0 6 
25.5 0 0 5 
25.7 0 0 2 
25.9 0 0 2 
26.1 0.03192259258 0.02064494337 8 
26.3 0.7452469141 0.1249686611 55 
26.5 3.881994488 0.3568983879 160 
26.7 13.66018887 0.8057599287 342 
26.9 27.6694815 1.316680307 507 
27.1 54.74704464 2.133067288 733 
27.3 74.77992426 2.787529827 789 
27.5 109.1917209 3.723155811 930 
27.7 132.9516256 4.457287325 960 
27.9 157.2106254 5.223819166 965 
28.1 174.577718 5.823255779 959 
28.3 213.1942186 6.777580305 1055 
28.5 213.4492698 6.859340143 1033 
28.7 200.8825116 6.442766152 1046 
28.9 169.9587729 5.643430652 977 
29.1 144.2952951 4.876186651 955 
29.3 120.3355569 4.177574063 912 
29.5 93.01759533 3.342839783 849 
29.7 60.77008161 2.457667304 687 
29.9 42.00849451 1.818679721 618 
30.1 23.60763675 1.185955766 465 
30.3 8.758176927 0.6188050694 250 
30.5 1.863690807 0.2188237531 98 
30.7 0.3076162515 0.0653864955 33 
30.9 0.9001219839 0.1204208077 84 
31.1 4.251308746 0.3029486187 250 
31.3 11.08300328 0.5769689089 441 
31.5 21.28140142 0.9107228295 630 
31.7 35.48574057 1.349068135 773 
31.9 46.95644674 1.715401596 813 
32.1 63.05491472 2.168187265 929 
32.3 71.99069465 2.485401678 914 
32.5 90.93149287 2.990855179 1001 
32.7 104.5160649 3.390873893 1023 
32.9 112.2483954 3.616799273 1029 
33.1 110.5109608 3.571084268 1028 
33.3 105.2522854 3.393767646 1044 
33.5 91.16831235 2.986617557 1013 
33.7 73.3172703 2.491890163 957 
33.9 62.06403957 2.130224982 939 
34.1 43.19384893 1.62654638 788 
34.3 32.60550696 1.266543718 765 
34.5 19.57976174 0.8680254903 595 
34.7 9.7658174 0.5375345118 409 
34.9 3.354154617 0.2736897604 192 
35.1 0.8100989407 0.1126940409 72 
35.3 0.07983225516 0.03246089464 13 
35.5 0.006592720007 0.005860872407 5 
35.7 0 0 6 
35.9 0 0 4 
36.1 0 0 4 
36.3 0 0 3 
36.5 0 0 1 
36.7 0 0 1 
36.9 0 0 1 
37.1 0 0 4 
37.3 0 0 3 
37.5 0 0 2 
37.7 0 0 6 
37.9 0 0 3 
38.1 0 0 3 
38.3 0 0 4 
38.5 0 0 5 
38.7 0 0 3 
38.9 0 0 3 
39.1 0 0 1 
39.3 0 0 4 
39.5 0 0 2 
39.7 0 0 7 
39.9 0 0 4 
40.1 0 0 5 
40.3 0 0 3 
40.5 0 0 1 
40.7 0 0 6 
40.9 0 0 5 
41.1 0 0 2 
41.3 0 0 4 
41.5 0 0 4 
41.7 0 0 4 
41.9 0 0 6 
42.1 0 0 3 
42.3 0 0 5 
42.5 0 0 0 
42.7 0 0 4 
42.9 0 0 2 
43.1 0 0 6 
43.3 0 0 9 
43.5 0 0 7 
43.7 0 0 5 
43.9 0 0 1 
44.1 0 0 3 
44.3 0 0 3 
44.5 0 0 5 
44.7 0.007203971295 0.00770136926 7 
44.9 0.1534853195 0.04273691978 20 
45.1 0.4596517442 0.0803037618 48 
45.3 2.615574461 0.2387673823 172 
45.5 5.549341446 0.3803898664 280 
45.7 12.42019591 0.6381987684 469 
45.9 19.81738395 0.8961477584 586 
46.1 33.83177921 1.312082494 767 
46.3 42.86064252 1.608758615 814 
46.5 57.88179135 2.021078382 906 
46.7 68.87731912 2.367781143 936 
46.9 79.28146068 2.687652988 941 
47.1 91.77380482 3.015118035 1009 
47.3 100.0036772 3.225139504 1046 
47.5 96.59172036 3.150899958 1017 
47.7 81.8098653 2.780913324 961 
47.9 77.96736948 2.60940507 997 
48.1 57.67117586 2.117668864 840 
48.3 51.70933927 1.850685822 908 
48.5 36.1379364 1.437850898 748 
48.7 25.39863812 1.081346818 689 
48.9 14.31537457 0.750521963 475 
49.1 8.231193066 0.5065332984 346 
49.3 3.531538353 0.3029152362 188 
49.5 0.8523015078 0.1198340745 70 
49.7 0.1652677297 0.05038740534 21 
49.9 0.03480053233 0.02012899481 7 
50.1 0 0 5 
50.3 0 0 6 
50.5 0 0 7 
50.7 0 0 6 
50.9 0 0 12 
51.1 0 0 4 
51.3 0 0 1 
51.5 0 0 3 
51.7 0 0 1 
51.9 0 0 3 
52.1 0 0 4 
52.3 0 0 1 
52.5 0 0 6 
52.7 0 0 3 
52.9 0 0 1 
53.1 0 0 3 
53.3 0 0 3 
53.5 0.049656155 0.0261508647 10 
53.7 0.4870639331 0.1050723833 38 
53.9 1.102330924 0.180502034 63 
54.1 4.185489941 0.3752858123 171 
54.3 8.692451069 0.5808693034 292 
54.5 16.2679687 0.8950028372 427 
54.7 28.46207907 1.293269539 601 
54.9 44.83635161 1.788679204 762 
55.1 58.69416435 2.204943953 826 
55.3 70.98425003 2.61462671 833 
55.5 89.98862891 3.12797334 926 
55.7 114.4361544 3.745499434 1024 
55.9 113.9847011 3.841601996 967 
56.1 130.9450391 4.239673791 1046 
56.3 121.5270729 4.074636499 985 
56.5 110.3588936 3.768562138 997 
56.7 107.1467371 3.565014318 1091 
56.9 86.52152348 3.009998542 1115 
57.1 72.04076353 2.529966937 1200 
57.3 58.38548539 2.073515506 1277 
57.5 45.51625124 1.612152895 1285 
57.7 38.92581976 1.372108092 1270 
57.9 31.04191869 1.054276826 1175 
58.1 27.63199148 0.9288327288 1054 
58.3 31.25598645 1.014123789 1082 
58.5 32.37320611 1.085788039 997 
58.7 35.94458443 1.177723524 1026 
58.9 36.65437101 1.209159152 1009 
59.1 37.01253829 1.20881357 1043 
59.3 34.58499085 1.136672023 1041 
59.5 28.01972168 0.9709076808 954 
59.7 24.3181793 0.8672771276 923 
59.9 19.18017035 0.719316072 858 
60.1 13.46747619 0.5565129153 728 
60.3 9.13191366 0.4299987136 599 
60.5 6.214750497 0.3306618973 473 
60.7 3.435806794 0.2238174334 328 
60.9 1.686016183 0.1392041572 194 
61.1 0.5849686865 0.07584898497 84 
61.3 0.1111139728 0.02895382685 23 
61.5 0.06901963566 0.02916910445 12 
61.7 0.01832334151 0.01178595391 6 
61.9 0 0 5 
62.1 0 0 3 
62.3 0 0 8 
62.5 0 0 1 
62.7 0 0 7 
62.9 0 0 0 
63.1 0 0 7 
63.3 0 0 3 
63.5 0 0 2 
63.7 0 0 2 
63.9 0 0 6 
64.1 0 0 5 
64.3 0 0 3 
64.5 0 0 5 
64.7 0 0 2 
64.9 0 0 5 
65.1 0 0 2 
65.3 0 0 2 
65.5 0 0 5 
65.7 0 0 0 
65.9 0 0 5 
66.1 0 0 2 
66.3 0.008163823146 0.006148947691 10 
66.5 0.06270588772 0.0177591233 22 
66.7 0.129134799 0.02554165189 41 
66.9 0.2996102683 0.04167950701 80 
67.1 0.822169132 0.07160603898 185 
67.3 1.403961891 0.1012868192 263 
67.5 2.64448051 0.1491974597 421 
67.7 4.776920845 0.2220027156 582 
67.9 6.757516056 0.2814504995 724 
68.1 8.837793269 0.3471357018 793 
68.3 11.35772402 0.4127074855 886 
68.5 14.28460772 0.4918223269 974 
68.7 15.5804131 0.5373451825 951 
68.9 17.37979611 0.5817160576 992 
69.1 19.22712924 0.6299552294 1023 
69.3 18.77654428 0.62230058 1010 
69.5 17.47215821 0.5904023407 1001 
69.7 15.78282805 0.5445224653 975 
69.9 12.73817097 0.4695398728 892 
70.1 10.84301968 0.4117836483 855 
70.3 8.507451479 0.3443790599 767 
70.5 6.318672743 0.2797169226 680 
70.7 4.008693433 0.2048556484 519 
70.9 2.38003223 0.1449012365 385 
71.1 1.381379971 0.1064499468 254 
71.3 0.6181052832 0.06585227554 135 
71.5 0.2394014523 0.03577691404 68 
71.7 0.1115597982 0.02391998829 37 
71.9 0.04016735186 0.01372054001 15 
72.1 0.01421900745 0.007017148319 9 
72.3 0 0 5 
72.5 0 0 2 
72.7 0 0 5 
72.9 0 0 6 
73.1 0.006598327989 0.007228106162 5 
73.3 0.01003570406 0.01072861892 7 
73.5 0.06715920437 0.042848554 10 
73.7 0.1773666564 0.0544776486 20 
73.9 0.6163433062 0.1058864977 53 
74.1 1.089431346 0.1437625277 88 
74.3 2.534845458 0.2377833129 163 
74.5 4.662111582 0.3419756482 259 
74.7 7.77640249 0.4575789206 391 
74.9 13.06814954 0.6486134217 536 
75.1 19.42065388 0.8454991639 680 
75.3 24.4986228 1.007307495 733 
75.5 33.37219136 1.255871065 850 
75.7 40.83330659 1.459008063 928 
75.9 45.64522909 1.605091064 939 
76.1 52.39095356 1.757885065 1018 
76.3 53.70612309 1.816410214 1018 
76.5 57.97659314 1.879838918 1130 
76.7 56.48307443 1.835049273 1181 
76.9 50.77040821 1.664585513 1207 
77.1 48.71909614 1.546737457 1309 
77.3 49.3098762 1.51536708 1395 
77.5 44.47608079 1.359881094 1384 
77.7 47.48707106 1.409613906 1448 
77.9 47.40959225 1.446054101 1370 
78.1 49.76322786 1.537012178 1348 
78.3 54.41705311 1.692121723 1291 
78.5 52.98707734 1.724349869 1158 
78.7 51.10196236 1.718364218 1056 
78.9 52.07111249 1.76490726 1018 
79.1 48.90679819 1.696032314 965 
79.3 46.02418916 1.61185785 966 
79.5 39.01104962 1.418254484 911 
79.7 32.38503831 1.25285289 821 
79.9 25.07111949 1.058360139 728 
80.1 20.2269562 0.9051883746 667 
80.3 14.29129185 0.715561066 540 
80.5 9.430844184 0.5352093689 430 
80.7 5.118669958 0.3704150924 277 
80.9 3.252696582 0.3081121893 169 
81.1 1.302367753 0.1761315024 87 
81.3 0.8398887571 0.1375124526 58 
81.5 0.2838220247 0.06752035213 29 
81.7 0.1212657534 0.04659625931 14 
81.9 0.03259939315 0.02231420606 9 
82.1 0.01304954774 0.01082337946 11 
82.3 0 0 6 
82.5 0 0 5 
82.7 0 0 1 
82.9 0 0 4 
83.1 0 0 2 
83.3 0 0 4 
83.5 0 0 5 
83.7 0 0 3 
83.9 0 0 4 
84.1 0 0 1 
84.3 0 0 3 
84.5 0.003578724144 0.003578724144 1 
84.7 0.02553528416 0.01802021952 8 
84.9 0.02789924147 0.01525916038 9 
85.1 0.07615735814 0.03247429515 12 
85.3 0.4152675843 0.07628274451 43 
85.5 0.7519266064 0.1069107755 72 
85.7 1.171472978 0.1414302873 100 
85.9 2.182081044 0.1896236906 187 
86.1 3.866025647 0.2742984079 287 
86.3 5.050850552 0.3206921361 355 
86.5 8.473929768 0.4655340224 461 
86.7 12.39124527 0.575288893 607 
86.9 17.28499196 0.7130789801 743 
87.1 21.61561852 0.8404814809 815 
87.3 25.28061866 0.9474114381 866 
87.5 29.09755296 1.049911738 908 
87.7 33.11466943 1.157263146 959 
87.9 36.62335736 1.235780775 1001 
88.1 37.08687758 1.250213215 1013 
88.3 36.74331855 1.251147694 994 
88.5 31.13625436 1.132403882 919 
88.7 30.54084352 1.091666449 950 
88.9 23.65136275 0.9305946059 817 
89.1 21.81876395 0.8761126821 810 
89.3 16.75467409 0.7419090589 689 
89.5 11.57922017 0.5852047018 540 
89.7 8.250659171 0.4676173137 422 
89.9 5.495567749 0.3765056802 298 
90.1 3.492897665 0.2719079705 226 
90.3 2.020330301 0.1975665154 159 
90.5 1.119804333 0.1365049475 94 
90.7 0.4502223543 0.08623011516 44 
90.9 0.2802030253 0.06802713364 30 
91.1 0.04785233756 0.02554749036 7 
91.3 0.03110999106 0.01635584722 15 
91.5 0.01739111457 0.009084074247 8 
91.7 0.1018495911 0.03350309265 18 
91.9 0.1836741552 0.04551045446 34 
92.1 0.3523922131 0.06018745303 62 
92.3 0.850043443 0.1110038053 131 
92.5 1.022584251 0.1043676431 173 
92.7 2.146106544 0.1716666997 269 
92.9 4.010299933 0.2531888464 471 
93.1 6.264519721 0.3208219947 665 
93.3 8.525301302 0.3954793342 794 
93.5 13.17903869 0.523860703 1093 
93.7 16.46268371 0.5932049301 1248 
93.9 22.59398492 0.7481204872 1491 
94.1 25.62247957 0.8072474665 1577 
94.3 31.25456389 0.9265308565 1736 
94.5 34.73294493 0.9937339824 1807 
94.7 37.00178478 1.049998475 1837 
94.9 39.8568948 1.089432904 1929 
95.1 41.36818503 1.125726875 1961 
95.3 39.42831248 1.087074994 1931 
95.5 37.70252336 1.070752039 1889 
95.7 31.30043144 0.9387738478 1745 
95.9 27.59723353 0.8680948034 1621 
96.1 23.92925075 0.7932424454 1504 
96.3 17.80063854 0.6528462408 1277 
96.5 13.23553627 0.5387663183 1058 
96.7 9.99907026 0.4551093499 862 
96.9 6.490244004 0.3633929635 591 
97.1 4.412945157 0.2768529174 465 
97.3 2.598842167 0.2089509281 303 
97.5 1.257298247 0.1371808279 160 
97.7 0.6914831481 0.089538762 115 
97.9 0.3172737843 0.05799891381 59 
98.1 0.2345138832 0.06449221558 27 
98.3 0.02651986376 0.01013626973 13 
98.5 0.0105550249 0.009411888473 6 
98.7 0.0008281989609 0.0008853819313 7 
98.9 0 0 5 
99.1 0.0008131559507 0.0008783088106 6 
99.3 0 0 1 
99.5 0 0 4 
99.7 0 0 2 
99.9 0 0 5 
