# Format: McCode with text headers
# URL: http://www.mccode.org
# Creator:  3.7.18, git
# Instrument: SimplePowderDIffractometer_generated.instr
# Ncount: 1000000
# Trace: no
# Gravitation: no
# Seed: 1790249232045305
# Directory: /home/0000-0002-6409-0469/testing/SimplePowderDiffractometer_copy/interface_SimplePowderDIffractometer_generated_1
# Param: lambda0=1
# Param: dlambda=0.005
# Param: coll=120
# Param: container=0
# Param: sample=0
# Date: Thu Sep 24 13:27:12 2026 (1790249232)
# type: array_1d(400)
# Source: SimplePowderDIffractometer_generated (SimplePowderDIffractometer_generated.instr)
# component: Detector
# position: 0 0 3
# title: Longitude [deg] monitor
# Ncount: 1000000
# filename: detector.dat
# statistics: X0=52.73; dX=21.9057;
# signal: Min=0; Max=222.488; Mean=20.3572;
# values: 8142.89 27.6551 170090
# xvar: th
# yvar: (I,I_err)
# xlabel: Longitude [deg]
# ylabel: Intensity [n/s/bin]
# xlimits: 20 100
# variables: th I I_err N
20.1 0 0 7 
20.3 0 0 6 
20.5 0 0 6 
20.7 0 0 5 
20.9 0 0 5 
21.1 0 0 5 
21.3 0 0 4 
21.5 0 0 7 
21.7 0 0 7 
21.9 0 0 9 
22.1 0 0 4 
22.3 0 0 4 
22.5 0 0 6 
22.7 0 0 2 
22.9 0 0 6 
23.1 0 0 4 
23.3 0 0 4 
23.5 0 0 7 
23.7 0 0 3 
23.9 0 0 2 
24.1 0 0 4 
24.3 0 0 2 
24.5 0 0 2 
24.7 0 0 2 
24.9 0 0 3 
25.1 0 0 6 
25.3 0 0 4 
25.5 0 0 6 
25.7 0 0 2 
25.9 0.002006894894 0.002243776704 4 
26.1 0.05317717546 0.0244081808 14 
26.3 0.8233202393 0.1384557106 54 
26.5 3.993556886 0.3737796424 152 
26.7 15.18260199 0.8418363446 390 
26.9 31.24003755 1.411681807 564 
27.1 49.69971416 2.030870278 677 
27.3 77.00106915 2.832994154 809 
27.5 106.2353552 3.671884848 910 
27.7 129.3023187 4.359425821 944 
27.9 153.501594 5.170313735 946 
28.1 175.2987851 5.853752453 957 
28.3 200.8766818 6.510248199 1019 
28.5 222.4884483 6.99482394 1088 
28.7 188.5816718 6.289611105 962 
28.9 174.5973607 5.768473555 989 
29.1 148.4526892 4.960729265 970 
29.3 122.271316 4.180781379 933 
29.5 95.77438196 3.415649194 872 
29.7 67.94287916 2.586501074 772 
29.9 43.83358406 1.843878339 657 
30.1 22.03996901 1.142482457 442 
30.3 9.275706084 0.632110898 262 
30.5 2.488737744 0.2749840489 110 
30.7 0.4397625969 0.09156012048 37 
30.9 0.9420107556 0.1242018644 83 
31.1 4.285601124 0.3068824698 252 
31.3 10.56344477 0.5744000414 403 
31.5 20.67565856 0.9059914454 599 
31.7 30.94416601 1.246305638 693 
31.9 47.6311833 1.716167919 850 
32.1 62.48071396 2.142953839 923 
32.3 72.59046897 2.509190453 905 
32.5 88.53751876 2.943255475 974 
32.7 101.9913616 3.347787694 995 
32.9 111.0352868 3.621049724 1001 
33.1 109.5174958 3.580846923 1009 
33.3 94.02727286 3.208410805 933 
33.5 84.18627758 2.870662897 935 
33.7 73.72898469 2.499708002 958 
33.9 60.97467214 2.13522735 893 
34.1 44.08196234 1.644764847 807 
34.3 33.86487218 1.297039931 768 
34.5 17.87599072 0.8248743325 557 
34.7 9.018228427 0.5242054772 367 
34.9 3.570094421 0.2778602784 206 
35.1 0.7007675658 0.09725057744 71 
35.3 0.1455301001 0.04680964104 14 
35.5 0.003079695791 0.003292333287 7 
35.7 0 0 3 
35.9 0 0 5 
36.1 0 0 8 
36.3 0 0 6 
36.5 0 0 1 
36.7 0 0 9 
36.9 0 0 1 
37.1 0 0 6 
37.3 0 0 5 
37.5 0 0 4 
37.7 0 0 5 
37.9 0 0 2 
38.1 0 0 5 
38.3 0 0 4 
38.5 0 0 5 
38.7 0 0 6 
38.9 0 0 6 
39.1 0 0 4 
39.3 0 0 5 
39.5 0 0 4 
39.7 0 0 4 
39.9 0 0 2 
40.1 0 0 4 
40.3 0 0 6 
40.5 0 0 1 
40.7 0 0 3 
40.9 0 0 3 
41.1 0 0 2 
41.3 0 0 4 
41.5 0 0 3 
41.7 0 0 7 
41.9 0 0 5 
42.1 0 0 9 
42.3 0 0 2 
42.5 0 0 3 
42.7 0 0 6 
42.9 0 0 2 
43.1 0 0 5 
43.3 0 0 4 
43.5 0 0 3 
43.7 0 0 4 
43.9 0 0 6 
44.1 0 0 7 
44.3 0 0 5 
44.5 0 0 4 
44.7 0.002986092791 0.003448042953 3 
44.9 0.1570061314 0.05050092044 24 
45.1 0.699631544 0.1088068698 57 
45.3 2.629084217 0.2418454854 164 
45.5 6.248537924 0.4063630468 316 
45.7 12.97486019 0.6567714926 489 
45.9 21.72475407 0.9453997441 635 
46.1 32.34792955 1.288729394 731 
46.3 44.66083204 1.646279309 839 
46.5 56.5338024 1.999394347 893 
46.7 67.89767677 2.352630531 923 
46.9 85.35184388 2.805114807 1011 
47.1 96.07247145 3.095702971 1047 
47.3 97.17273123 3.157209863 1025 
47.5 88.58767089 2.993144297 953 
47.7 83.70879328 2.828095801 968 
47.9 79.05873636 2.615201096 1021 
48.1 66.61441524 2.271439175 965 
48.3 50.21478857 1.843818267 848 
48.5 38.83715588 1.472017613 824 
48.7 26.58958787 1.125982393 691 
48.9 16.99253473 0.8143087072 545 
49.1 6.882412051 0.4648225511 300 
49.3 3.510634134 0.3066512944 192 
49.5 0.7527987371 0.1261933345 56 
49.7 0.2217723277 0.06910081552 17 
49.9 0.07372695513 0.03726281043 5 
50.1 0 0 6 
50.3 0 0 8 
50.5 0 0 1 
50.7 0 0 4 
50.9 0 0 3 
51.1 0 0 9 
51.3 0 0 3 
51.5 0 0 1 
51.7 0 0 5 
51.9 0 0 7 
52.1 0 0 7 
52.3 0 0 3 
52.5 0 0 6 
52.7 0 0 2 
52.9 0 0 4 
53.1 0 0 6 
53.3 0.01582052355 0.01303281885 6 
53.5 0.01883380008 0.01470690877 7 
53.7 0.3634277792 0.09711245545 22 
53.9 1.282994448 0.2021254198 61 
54.1 4.329029051 0.3906022754 178 
54.3 8.619721359 0.5871633234 290 
54.5 17.29664767 0.9296328369 456 
54.7 30.20249091 1.315537548 648 
54.9 43.31238793 1.736995101 749 
55.1 59.97653111 2.219373363 855 
55.3 74.89291509 2.685918924 881 
55.5 93.20718714 3.217046333 941 
55.7 102.3120622 3.522284894 930 
55.9 119.9687046 3.956437733 1013 
56.1 120.978749 4.073882116 966 
56.3 124.2195762 4.096661463 1020 
56.5 120.0018411 3.968607535 1050 
56.7 106.8691104 3.551091499 1123 
56.9 88.82756171 3.061829281 1159 
57.1 72.5135526 2.564429174 1203 
57.3 56.28846087 2.060369448 1237 
57.5 45.84046908 1.670742498 1228 
57.7 37.98629207 1.313138267 1294 
57.9 32.2773924 1.077205653 1195 
58.1 29.48451832 0.9925877909 1103 
58.3 28.81258347 0.9792370443 996 
58.5 32.18279021 1.082884182 988 
58.7 35.92161773 1.182913796 1006 
58.9 35.75700115 1.193369376 985 
59.1 35.66046347 1.172799832 1027 
59.3 34.52098499 1.138373657 1042 
59.5 27.77427184 0.9737316421 932 
59.7 22.67388965 0.8219728409 892 
59.9 18.38615334 0.7062679087 812 
60.1 13.50204677 0.5619166382 708 
60.3 10.21021823 0.4456485935 673 
60.5 5.940930183 0.317578946 457 
60.7 3.378551061 0.2193942361 323 
60.9 1.536648627 0.1387946311 171 
61.1 0.6413577732 0.08204362654 95 
61.3 0.1599350351 0.03366034385 32 
61.5 0.08263265203 0.02535934943 17 
61.7 0.004429265112 0.004784153112 6 
61.9 0 0 2 
62.1 0 0 3 
62.3 0 0 4 
62.5 0 0 6 
62.7 0 0 3 
62.9 0 0 5 
63.1 0 0 3 
63.3 0 0 3 
63.5 0 0 3 
63.7 0 0 8 
63.9 0 0 4 
64.1 0 0 6 
64.3 0 0 6 
64.5 0 0 5 
64.7 0 0 5 
64.9 0 0 2 
65.1 0 0 5 
65.3 0 0 6 
65.5 0 0 6 
65.7 0 0 5 
65.9 0 0 3 
66.1 0.0009274742505 0.0007426787037 8 
66.3 0.01704808308 0.007695568171 13 
66.5 0.05610434155 0.01506473484 23 
66.7 0.08211640286 0.01777327997 35 
66.9 0.3243839753 0.04160138016 92 
67.1 0.7333548092 0.06849682553 167 
67.3 1.551824976 0.1092071657 275 
67.5 2.57832651 0.1473637751 400 
67.7 4.115080777 0.1989128725 551 
67.9 6.351098981 0.2721508636 670 
68.1 9.354322061 0.3539376277 851 
68.3 10.8363706 0.4005484776 872 
68.5 14.1224744 0.4887070295 956 
68.7 14.8429919 0.5250366747 902 
68.9 17.28702283 0.583450153 985 
69.1 17.57614961 0.5965669467 967 
69.3 18.86780391 0.6194373936 1035 
69.5 16.9055522 0.5784447563 969 
69.7 15.40386602 0.536795641 958 
69.9 13.54076772 0.4865219222 918 
70.1 11.13447565 0.4158296977 889 
70.3 8.442288427 0.3446471528 782 
70.5 6.573166 0.2866838684 684 
70.7 4.197041275 0.2084062999 545 
70.9 2.831710191 0.1624030499 431 
71.1 1.636706473 0.1131907878 282 
71.3 0.6520560583 0.0660880369 135 
71.5 0.3129624741 0.04505736777 68 
71.7 0.07393554307 0.01874939436 27 
71.9 0.02394708736 0.009207051097 12 
72.1 0.0253910242 0.01049920182 10 
72.3 0.003750181084 0.004330336116 3 
72.5 0 0 4 
72.7 0 0 3 
72.9 0 0 2 
73.1 0.001460253307 0.001599627352 5 
73.3 0.003668379792 0.003962303036 6 
73.5 0.05786074267 0.03040115671 14 
73.7 0.0562223988 0.02480726782 14 
73.9 0.400653605 0.0854819144 36 
74.1 1.084281966 0.1472490272 85 
74.3 2.56528387 0.2397958887 168 
74.5 4.958587356 0.3525533485 276 
74.7 8.35568109 0.4813793537 406 
74.9 12.93664874 0.6452874544 522 
75.1 19.5731343 0.8434353555 685 
75.3 25.47785092 1.032138945 760 
75.5 31.39862644 1.209272727 809 
75.7 41.5291489 1.460364967 940 
75.9 49.43417788 1.664171873 1005 
76.1 56.51408653 1.845881327 1086 
76.3 54.2606574 1.831585179 1019 
76.5 54.67322702 1.821629252 1081 
76.7 52.7209528 1.759955638 1132 
76.9 54.42881429 1.741077842 1269 
77.1 51.80960172 1.639345589 1303 
77.3 49.62865 1.50048434 1431 
77.5 47.04565759 1.411358087 1430 
77.7 48.24535621 1.411770084 1478 
77.9 46.93947034 1.420978548 1384 
78.1 48.15112405 1.506093117 1313 
78.3 49.75946894 1.590018534 1237 
78.5 52.19427241 1.707494489 1127 
78.7 51.29906396 1.747262047 1026 
78.9 53.00060616 1.77229048 1034 
79.1 54.2202341 1.793041655 1065 
79.3 42.90353405 1.54015698 921 
79.5 39.89002324 1.45217055 914 
79.7 32.83561875 1.265731173 839 
79.9 25.06918068 1.053028316 744 
80.1 18.1855578 0.8298073258 647 
80.3 13.48685395 0.6917087366 516 
80.5 9.34300534 0.5319389445 418 
80.7 6.109902718 0.4255150011 306 
80.9 3.326504203 0.310240221 168 
81.1 1.323189926 0.1639598296 94 
81.3 0.9475436871 0.1383256346 71 
81.5 0.2271770664 0.06693838913 22 
81.7 0.05182256654 0.03496353829 7 
81.9 0.04161923865 0.03194630874 8 
82.1 0 0 2 
82.3 0.006319810179 0.007297488216 3 
82.5 0 0 4 
82.7 0 0 2 
82.9 0 0 5 
83.1 0 0 5 
83.3 0 0 3 
83.5 0 0 1 
83.7 0 0 2 
83.9 0 0 10 
84.1 0 0 4 
84.3 0.01968050719 0.02074507608 9 
84.5 0.001097494349 0.001202244824 5 
84.7 0 0 3 
84.9 0.05428681766 0.02374520164 12 
85.1 0.1068776766 0.03475924506 17 
85.3 0.3574100665 0.0739170098 37 
85.5 0.5885256998 0.08946062812 69 
85.7 1.150864042 0.1368335944 104 
85.9 1.917625028 0.1784108059 164 
86.1 3.426594571 0.2520670881 263 
86.3 6.161941475 0.371803021 386 
86.5 8.017442315 0.4366029573 454 
86.7 12.17650151 0.5678569592 604 
86.9 16.28550732 0.7084002125 661 
87.1 21.05952742 0.8291260357 794 
87.3 24.35150477 0.9301969935 838 
87.5 28.972315 1.05768899 899 
87.7 33.50660584 1.154237894 970 
87.9 35.50450532 1.218675182 980 
88.1 34.87014332 1.214163502 948 
88.3 34.58054547 1.207200623 955 
88.5 32.5074658 1.161035924 940 
88.7 30.10589022 1.098089104 921 
88.9 25.01200363 0.9675266371 852 
89.1 21.70172855 0.8646454289 825 
89.3 16.16637505 0.7273019246 654 
89.5 12.17732887 0.6035053548 554 
89.7 9.085868483 0.4936652139 482 
89.9 6.009781215 0.38586606 352 
90.1 3.779098166 0.3021983395 246 
90.3 1.946682246 0.1961709901 148 
90.5 1.075893368 0.136322576 92 
90.7 0.5302310329 0.08690025665 54 
90.9 0.2613355761 0.06251279106 29 
91.1 0.09660579307 0.03444884901 16 
91.3 0.02434864433 0.01521368377 8 
91.5 0.002912741042 0.00225060553 9 
91.7 0.08167099592 0.02824431674 20 
91.9 0.1235959093 0.03363845024 31 
92.1 0.3272587321 0.06041788652 57 
92.3 0.6941375562 0.08994230681 106 
92.5 1.146129462 0.1128718977 199 
92.7 2.230161675 0.174758403 308 
92.9 3.606576097 0.2271233686 447 
93.1 5.765687096 0.3061043141 610 
93.3 8.664103156 0.3942797867 824 
93.5 12.71695216 0.5018316793 1111 
93.7 16.59984146 0.5901962288 1245 
93.9 21.27032257 0.701251587 1487 
94.1 26.82194759 0.8286031162 1624 
94.3 32.27564794 0.9224047967 1863 
94.5 33.75885775 0.9713412768 1784 
94.7 38.3345329 1.062998925 1911 
94.9 40.2669277 1.104337071 1912 
95.1 38.18329908 1.078692419 1826 
95.3 37.32624242 1.065810896 1824 
95.5 34.42638774 1.008904953 1775 
95.7 32.75900083 0.9631642428 1787 
95.9 27.32949764 0.857984589 1604 
96.1 22.23632326 0.7479903604 1441 
96.3 16.52606523 0.6265396381 1197 
96.5 13.62225639 0.554923838 1075 
96.7 9.622903116 0.4376638096 872 
96.9 6.206581657 0.3369386668 631 
97.1 4.287127912 0.2628858008 462 
97.3 2.492434656 0.1956464656 301 
97.5 1.652082572 0.1617040643 204 
97.7 0.8113227373 0.1211285771 100 
97.9 0.4196013032 0.08611773543 60 
98.1 0.1647799336 0.03640221703 42 
98.3 0.07910247714 0.02830727251 16 
98.5 0.02080624688 0.01722964621 9 
98.7 0.002779899091 0.003108021669 4 
98.9 0 0 3 
99.1 0 0 4 
99.3 0 0 4 
99.5 0 0 7 
99.7 0 0 4 
99.9 0 0 3 
